9822518569
7620039716
9529318049
8484831610
7620825775
9511709714
9307431441
7219700441
9075340846
7249686190
8668678028
7276800608
7378335227
7756895768
9960185319
7775014716
8530172128
7757941483
8208050421
9356974046
9699003399
9699176658
9356849335
8407922630
7875665727
9561495671
7028655095
8767197437
8669773922
9579141221
8329250910
7083706988
7558239584
8956356554
9322482410
9700129696
8999433683
7558533614
7057607304
7558431843
7666115758
9049753823
9172553498
9356411677
7028636147
8080270637